: .\IrO6.vasp所有原子和坐标:
Ir: [0.50112, 0.47301, 0.51096]
O: [0.50466, 0.57844, 0.49834]
O: [0.58595, 0.46261, 0.44784]
O: [0.41629, 0.48341, 0.57408]
O: [0.49758, 0.36758, 0.52358]
O: [0.56499, 0.48098, 0.59548]
O: [0.43725, 0.46504, 0.42643]

O: [0.56499, 0.48098, 0.59548]
